3003:
1172075
804602
2324757
125096
2047577
1481187
122507

5233:
1102237
1181550
1386321
1111480
293854
2353923
2082691
2578110
2229960

16856:
1198785
1783422
2067913
2345943
1944630
1432453
64716
2431916
1391904
139752
820558
1072752
1307913
653361
1662500
54484
2106019
289060
962188
1611412
1159480
1391279
637118
1030229
1504739
1080117
1432044
2382897
2090706
2583029
2072978

12153:
759578
1579842
300282
1419407
86002
1404222

10769:
2399376
1951709
1801498
2393141
1083674
1787523
691241

14116:
95609
1205720
716595
583237
1873543
577934
1536691
1783917
1520322
116863
1610126
1372814
737403
2410487

12863:
1216862

13209:
1681892
1877834
621314
1210025
619497
1911833
1831550
248977
444934
406567
123874
987443
2580053
748748
2374353

6845:
625683
1116040
220023
1263603
2535586
60882
1509675
1826924
2526516
1877794
920513
1402001

16366:
7288
1095196
170638
2112403
392448
227749
1530317

10346:
1053281
1085491
615085

16284:
2343417
694152
335226
1214131
2337785
1410521
971994
819010
1245168
1478933
420936
224941
1399628
843618
1286028
251790
2428160
234252
1488690

14466:
2004525
1921018
1189488
979157
269047
530395
1475593
16827
1862919
439512
1819371
270306
1145400
2235470
1229321
1057933
516655
1312541
1193575
1816846
795827
598570
1459489
640882
236799
2000697
2098507

14724:
952345
274352
2159931
171411
1508936
819338
14180
2293761
2415359
1215846
1223763
447202
692637

6528:
331932
1182930
2578060
301290
71821
2365879
1160394
926676
675309
1603628
222521
484118
1002832
510526
2189821
2313616
105854
880219
297608
945845
545000
1510634
888191
1455551
2066446
2625362
2146614
909709
1023905
2590170
848533
1075211
1378907
1504250
386807
1104834
2611079
1056502
1265954
1749354
1819989
1559081
2584069
717513
200478
506999
1702673
690086
1203745
1237087
1130475
1445955
2230141
680698
67126
409159
71462
2160476
323021
1284750
2535354
1197259
1559163
1247211
32885
324379
1348752
316492
2295620
1231414
318712
2272148
2472076
1955943
1185728
756629
1153815
1787642
2227773
1112876
2192184
1754948
910258
2076259
2091953
1606004
2153303
1079
2609416
159524
1568549
2455406
2266109
1644517
82848
2430061
32251
647808
1531777
1077968
890250
404577
2568993
1308423
2021585
1502376
1937287
1456348
2393568
1083433
1532096
897261
2600927
903248
2565724
177690
2243008
2022807
610052
1209223
798333
2580490
2029372
469019
1004849
1991425
122011
10572
1032849
1969499
1379484
534957
1345231
2286016
972454
1416699
1041143
2391379
1175222
454348
440947
2341845
829305
1410821
2084519
659807
559442
2311591
2485548
2081745
356851
152355
2498115
1526935
1762201
1250629
400103
116866
1110446
1593883
2097967
1934473
800953
2469856
210401
532581
684483
2422311
1228858
2604319
2377909
1027248

9454:
655018
1978052

696:
1055834
2276998
1855629
929387
1308582
515227
2592192
401824
1970273
721576
1064955
1259211
1185036
1432470
404718
206840
1394973
2280259
1684939
2059256
1146649
1856682
2130660
2175000
2493130
1643582
2339513
354091
1092842
402852
277135
1067347
495326
2255747
1397396
449124
1036651
2457464
1438650
2524150
780367
150997
1819748
998975
56977
1303049
1598707
2407183
396289
1155306
1595940
1023118
2396927
831025
1309670
464580
2484944
2414348
2245728
2333142
2394277
2322049
119291
1613494
733061
73285
1813272
2197316
1996038
2475422
1740721
1012117
1887071
1951888
1091075
2457662
757308
650049
1504923
2414489
1652105
1982858
2460129
746845
150370
1363385
875754
733263
2530283
2234581
1034624
2064730
1914553
591044
1468754
14411
1759659
2467670
2147440
1973852
1941982
1907546
302363
681145
1667370
166298
1627918
1840649
150525
2326071
2543158
1317014
1437111
1984503
1392057
1420062
159136
2602899
713195
177897
1051781
1164438
515678
225644
1597116
2131392
1904613
179684
905617
864958
1715576
923401
1429518
1966674
1344300
1301243
2023506
2111239
1529601
486100
1279131
1315377
1192675
85216
725119
122553
479980
843828
2347022
650591
2574036
698831
1410832
1636778
1695671
567341
2116142
2156620
1696636
2177488
544228
1809208
462225
761644
2033589
1678315
1430267
292657
2229666
1143712
1685768
1614099
1449952
1660789
1635217
863780
1774642
2144440
1114119
1150475
917247
728653
1516935
203148
1251910
53320
1305568
1930595
372377
1013762
2469871
12057
1025996
1261356
1850099
1609684
2332781
2208028
414356
689505
2475285
2639422
1028027
400659
942120
380944
656524
884597
1589001
2251190
2290889
2185699
1852127
2592261
2207501
2042941
1139460
129510
687168
2056448
700077
301019
352201

12708:
1048033
86964
2641212
96002
2645009
1757186
1183808
594154
1634324
2578401
791164
2157977
70511
808873
709475
2485195
219628
1667030
74644
481230
1175320
2522894
2559507

13708:
2565487
44772
331341
1186492
2113578
2386788
754688
1640325
2296095
946743
2636267
1578817
177
1716115
226010
2039235
740443
530300
647809
2458102
2129974
39694
2036335
1494578
585655
1710048
660764
95793
2083845
1761502
1293796
303186
1643645
3468
1894863
1767732
647458
2147687
2564027
906325
2430790
2260145
115409
219898
1915827
1585213
1362922
1387952
2590869
1050752
289202
1874126
776263
627667
1613152
1507246
1076126
1769767
2440104
194595
1896646
1438925
2270778
1976115
473574
1114654
1507894
2157581
2467259
2440005
169053
1070829
2057316
1946030
2055394
2261411
1940582
604641
595804
1221014
2493293
1273061
1037461
2375418
2368324
645771
1164845
746662
1539948
2382106
418533
1779410
2551614
532794
1639327
122972
399820
419369
1490632
1591459
535765
541017
609158
2322752
2570381
1073670
1357667

13891:
878111
1819434
1639430

10199:
703846
901273
1350124

5584:
827926
1482654
152628
2372200
1163530
1846329
321829
2035355

13483:
978057
2025652
2274776
127143
2504900
761458
1462326
2600192
888475
432407
1238025
112895
937341
1676790
1869472

15283:
1652052
1684416
1424310
466977

8088:
8043
1517384
1794944
401156

15190:
2222868

8652:
1304101
575550
2315021
819103
2274617
2534690
221752
1737026
1159376
1755921
1608960
2188743
1470271
2023549
1312179
124954
623920
2627783
1936740
1437078
1062569
601683
716570
218183
328950
1719041
597897
1085967
2626765
220296
1156441
1570070
1462647
935236
2502412
885893
1794285
2409467
1036692
622995
1813962
2260092
911085
1512688

131:
1389360
1498526
961642
874227
2060528
674866

13569:
2167645
685498
1643147
657556
2079642
2298872
1902017
666180
155598
2500411
1282495
3725
769048
992175
2302228
1293345
1643524
1441794
2112036
2452368
45380
1961980
157546
2517762
1555963
1268853
726393
250921
2238231
1370533
2621962
665507
28496
1348765

6741:
1814018
2484564
1556834
2552459
2365979
772817
771422
821780
1067303
749149
173359
971316
1000079
1249600
1172676
981654
2143140
2807
1622595
1368149
2244258
714952
1985552
1641390
2026317
2572205
251855
2156617
1153874
1767036
122713
829976
1027332
240078
1499061

9105:
1261894
1240334
1573694
1536750
1755781
1437913
342989
1505127
658979
2267653
927633
770204
1760618
1012898
2140906

5180:
787723
601581
2279095
2243172

4646:
1522126
309304
973160
1688723
42777
928807
1950468
2123341
2290335
858908
928293
1420108
1802241
1527215
98579
491253
2096640
2075525
2467160
876744
1029275
2409049
353089
1167080
2548453

2176:
2098467
1007248
526960
2568266
673529
2049041
1600522
459619
1271719
2594385
1220628
1587096
2417988
798196
2347375
872052
1748774
2190299
2367811
2359478
1979601
1360219
1326371
1323874
548233
1426514
695138
293839
2302665
996269
887523
868406
526710
180103
1940067
791837
2010034
2183787
1127224
1802433
1067095
1636912
87764
2546352
760835
1969534
1749900
49020
383115
2362524

1031:
2552504
2223218
403261
582516
918782
1736527
963973
1746123
2640680
1462687
327863
2457054
2243327
1336779
1526418
1342363
1698260
214784
1851746
1050931
537785
984355
1953448
1925427
404949
511899
1041366
1058242
41927
912469
137898
205018
1139853

